## net.sf.picard.metrics.StringHeader
# net.sf.picard.analysis.CollectInsertSizeMetrics HISTOGRAM_FILE=/data/skn/Islets_Stitzel/Diabetic_versus_Non-Diabetic/RelevantFiles_AllIsletsAnalysis/BamFiles/Shifted/Islet2_mergedReps_sorted_InsertSizeMetrics.pdf METRIC_ACCUMULATION_LEVEL=[ALL_READS] INPUT=/data/skn/Islets_Stitzel/Diabetic_versus_Non-Diabetic/RelevantFiles_AllIsletsAnalysis/BamFiles/Shifted/Islet2_mergedReps_sorted.bam OUTPUT=/data/skn/Islets_Stitzel/Diabetic_versus_Non-Diabetic/RelevantFiles_AllIsletsAnalysis/BamFiles/Shifted/Islet2_mergedReps_sorted_InsertSizeMetrics.txt VALIDATION_STRINGENCY=SILENT    DEVIATIONS=10.0 MINIMUM_PCT=0.05 ASSUME_SORTED=true STOP_AFTER=0 VERBOSITY=INFO QUIET=false COMPRESSION_LEVEL=5 MAX_RECORDS_IN_RAM=500000 CREATE_INDEX=false CREATE_MD5_FILE=false
## net.sf.picard.metrics.StringHeader
# Started on: Fri Dec 30 12:20:37 EST 2016

## METRICS CLASS	net.sf.picard.analysis.InsertSizeMetrics
MEDIAN_INSERT_SIZE	MEDIAN_ABSOLUTE_DEVIATION	MIN_INSERT_SIZE	MAX_INSERT_SIZE	MEAN_INSERT_SIZE	STANDARD_DEVIATION	READ_PAIRS	PAIR_ORIENTATION	WIDTH_OF_10_PERCENT	WIDTH_OF_20_PERCENT	WIDTH_OF_30_PERCENT	WIDTH_OF_40_PERCENT	WIDTH_OF_50_PERCENT	WIDTH_OF_60_PERCENT	WIDTH_OF_70_PERCENT	WIDTH_OF_80_PERCENT	WIDTH_OF_90_PERCENT	WIDTH_OF_99_PERCENT	SAMPLE	LIBRARY	READ_GROUP
149	85	1	242888140	169.148697	137.583987	38512736	FR	25	55	89	129	171	205	229	245	425	987			

## HISTOGRAM	java.lang.Integer
insert_size	All_Reads.fr_count
1	97
2	151
3	125
4	136
5	200
6	129
7	159
8	174
9	15444
10	20418
11	8718
12	9182
13	8167
14	6548
15	5781
16	8660
17	33353
18	34433
19	40259
20	50832
21	48829
22	39292
23	44856
24	60654
25	93931
26	159959
27	214112
28	228244
29	310847
30	550743
31	642064
32	560830
33	473448
34	425492
35	404164
36	365540
37	303404
38	250412
39	236283
40	286520
41	376285
42	397263
43	360808
44	316088
45	287148
46	259790
47	228592
48	197979
49	180613
50	184540
51	203429
52	222269
53	224480
54	213983
55	204871
56	189482
57	172059
58	156352
59	143014
60	143823
61	147137
62	155185
63	158097
64	154086
65	148090
66	139324
67	128901
68	117890
69	109728
70	106358
71	106011
72	111170
73	114351
74	112859
75	109587
76	104677
77	97645
78	91291
79	85235
80	81936
81	80620
82	81233
83	83789
84	83939
85	82632
86	81348
87	78259
88	74257
89	70956
90	68972
91	67636
92	67431
93	67331
94	68485
95	69321
96	71277
97	74301
98	76995
99	72721
100	66765
101	64926
102	62814
103	61870
104	62336
105	66034
106	68068
107	68944
108	72483
109	71563
110	66377
111	62128
112	59835
113	58309
114	65256
115	81386
116	86612
117	80480
118	87415
119	90516
120	80767
121	76145
122	73326
123	67501
124	64991
125	75027
126	90093
127	114951
128	166266
129	192309
130	155942
131	124874
132	114597
133	94991
134	75325
135	71962
136	79198
137	96280
138	125630
139	156472
140	168704
141	185601
142	200097
143	170454
144	126470
145	108404
146	109613
147	115798
148	131250
149	153676
150	161918
151	150822
152	134763
153	123844
154	123687
155	137551
156	163607
157	197135
158	224268
159	224440
160	198901
161	168493
162	146492
163	132740
164	131587
165	148017
166	177394
167	203700
168	215817
169	206115
170	183491
171	159335
172	141734
173	131304
174	130991
175	139130
176	153013
177	166048
178	172555
179	171010
180	161099
181	147013
182	137046
183	131419
184	133050
185	140568
186	147941
187	154838
188	155169
189	152071
190	146844
191	139511
192	135156
193	131357
194	130876
195	132553
196	135165
197	137774
198	137597
199	134819
200	131209
201	128237
202	126352
203	123787
204	122032
205	119013
206	116712
207	115034
208	113410
209	111514
210	109325
211	106653
212	105237
213	102785
214	100276
215	97912
216	94796
217	92077
218	89960
219	87315
220	85596
221	83304
222	81474
223	79821
224	77553
225	75868
226	73446
227	70748
228	68331
229	65899
230	64180
231	62208
232	60318
233	58662
234	57104
235	55865
236	54428
237	52324
238	50495
239	48809
240	46742
241	45128
242	43873
243	42745
244	41866
245	40951
246	39510
247	38356
248	37760
249	36854
250	35552
251	33725
252	33555
253	31855
254	31393
255	30644
256	30292
257	29755
258	29305
259	29283
260	28334
261	27935
262	27042
263	25883
264	25456
265	25097
266	24714
267	25219
268	25385
269	25559
270	25891
271	25248
272	24947
273	23908
274	23373
275	23185
276	23289
277	23607
278	24527
279	25558
280	25899
281	26312
282	26095
283	24698
284	24201
285	23752
286	23359
287	24338
288	25699
289	27146
290	29238
291	30163
292	30267
293	29140
294	27551
295	26200
296	26064
297	26654
298	28039
299	29975
300	31973
301	33211
302	33711
303	32931
304	31833
305	30628
306	30418
307	30699
308	31059
309	33117
310	34071
311	35393
312	35715
313	35505
314	35082
315	33969
316	33204
317	33965
318	34359
319	35883
320	36473
321	37212
322	37718
323	37507
324	37070
325	36850
326	36155
327	36254
328	36667
329	37393
330	37789
331	38664
332	38911
333	38917
334	38988
335	38550
336	38421
337	38293
338	38157
339	38219
340	39011
341	39260
342	39279
343	39524
344	39381
345	39192
346	39172
347	38900
348	39149
349	38894
350	39062
351	39306
352	39219
353	39008
354	38618
355	38325
356	38015
357	38020
358	37927
359	37606
360	37883
361	38119
362	37887
363	37672
364	37002
365	36835
366	36102
367	35692
368	35679
369	35710
370	36025
371	35858
372	35430
373	35232
374	34875
375	34329
376	33446
377	33061
378	32918
379	32245
380	32556
381	32347
382	32333
383	32292
384	31621
385	31312
386	30672
387	29791
388	29268
389	28721
390	28741
391	28486
392	28375
393	28158
394	27501
395	27514
396	26779
397	26199
398	25358
399	25034
400	24417
401	23947
402	24035
403	23868
404	23426
405	22731
406	22564
407	22152
408	21578
409	21135
410	20411
411	19980
412	19764
413	19437
414	19256
415	18765
416	18328
417	18163
418	17643
419	17327
420	16732
421	16278
422	16172
423	15873
424	15585
425	15075
426	15043
427	14521
428	14239
429	14308
430	13860
431	13470
432	13333
433	12772
434	12873
435	12479
436	12219
437	11935
438	11810
439	11613
440	11555
441	11115
442	10998
443	10816
444	10824
445	10512
446	10572
447	10140
448	9853
449	10060
450	9915
451	9695
452	9769
453	9647
454	9545
455	9478
456	9265
457	9051
458	9198
459	9061
460	9112
461	8884
462	8921
463	8773
464	8827
465	8906
466	8946
467	9070
468	8947
469	8682
470	8674
471	8605
472	8752
473	8634
474	8617
475	8834
476	8600
477	8871
478	8808
479	8812
480	8718
481	8580
482	8652
483	8727
484	8643
485	8912
486	8793
487	8850
488	8972
489	8864
490	8838
491	8982
492	8892
493	8930
494	8986
495	8895
496	8961
497	9192
498	8982
499	9183
500	9106
501	9266
502	9275
503	9451
504	9200
505	9089
506	9089
507	9259
508	9361
509	9326
510	9203
511	9268
512	9256
513	9396
514	9242
515	9426
516	9204
517	9303
518	9354
519	9466
520	9394
521	9386
522	9388
523	9655
524	9457
525	9456
526	9359
527	9359
528	9314
529	9334
530	9269
531	9094
532	9229
533	9268
534	9131
535	9360
536	9139
537	9333
538	9116
539	9058
540	9069
541	8954
542	8863
543	8892
544	8853
545	8728
546	8788
547	8619
548	8776
549	8715
550	8682
551	8529
552	8363
553	8287
554	8358
555	8232
556	8133
557	8193
558	8111
559	8016
560	7919
561	7992
562	7721
563	7704
564	7822
565	7711
566	7732
567	7546
568	7605
569	7514
570	7352
571	7205
572	7316
573	7100
574	7095
575	6873
576	6816
577	6941
578	6688
579	6737
580	6726
581	6547
582	6422
583	6388
584	6286
585	6057
586	6145
587	6138
588	6126
589	5776
590	5748
591	5751
592	5636
593	5717
594	5517
595	5478
596	5454
597	5209
598	5315
599	5152
600	5118
601	4942
602	5040
603	4938
604	4837
605	4828
606	4692
607	4575
608	4494
609	4535
610	4445
611	4338
612	4270
613	4215
614	4161
615	4004
616	4143
617	4041
618	4045
619	3928
620	3812
621	3621
622	3798
623	3597
624	3633
625	3584
626	3503
627	3451
628	3455
629	3298
630	3307
631	3370
632	3263
633	3321
634	3195
635	3173
636	3080
637	2978
638	2960
639	2962
640	2953
641	2981
642	2899
643	2900
644	2775
645	2803
646	2800
647	2808
648	2701
649	2652
650	2637
651	2609
652	2604
653	2626
654	2576
655	2501
656	2492
657	2549
658	2615
659	2564
660	2441
661	2532
662	2521
663	2435
664	2436
665	2387
666	2346
667	2325
668	2361
669	2358
670	2314
671	2365
672	2312
673	2330
674	2362
675	2289
676	2327
677	2275
678	2298
679	2254
680	2256
681	2310
682	2215
683	2178
684	2214
685	2186
686	2100
687	2075
688	2176
689	2166
690	2132
691	2232
692	2251
693	2174
694	2116
695	2162
696	2213
697	2052
698	2177
699	2054
700	2043
701	2103
702	2061
703	2002
704	2106
705	2035
706	2085
707	1951
708	2102
709	2053
710	2110
711	2058
712	2005
713	2040
714	2111
715	1925
716	2012
717	2004
718	1894
719	1921
720	1956
721	1945
722	1947
723	1955
724	1936
725	1883
726	1789
727	1922
728	1886
729	1830
730	1815
731	1793
732	1836
733	1824
734	1892
735	1805
736	1833
737	1746
738	1852
739	1775
740	1862
741	1772
742	1826
743	1691
744	1673
745	1724
746	1633
747	1674
748	1640
749	1727
750	1690
751	1625
752	1628
753	1640
754	1609
755	1576
756	1552
757	1548
758	1569
759	1505
760	1542
761	1476
762	1472
763	1482
764	1420
765	1423
766	1435
767	1447
768	1403
769	1369
770	1409
771	1367
772	1323
773	1339
774	1326
775	1271
776	1275
777	1255
778	1295
779	1265
780	1241
781	1246
782	1244
783	1205
784	1144
785	1199
786	1140
787	1140
788	1136
789	1100
790	1134
791	1101
792	1085
793	1050
794	1006
795	1017
796	1074
797	1051
798	1000
799	976
800	932
801	954
802	935
803	882
804	878
805	900
806	921
807	904
808	904
809	878
810	830
811	781
812	841
813	831
814	840
815	750
816	758
817	740
818	730
819	776
820	763
821	716
822	703
823	727
824	701
825	643
826	651
827	623
828	661
829	634
830	662
831	627
832	660
833	614
834	633
835	575
836	589
837	571
838	577
839	543
840	591
841	498
842	571
843	500
844	522
845	537
846	567
847	517
848	492
849	496
850	496
851	505
852	502
853	475
854	494
855	454
856	513
857	466
858	456
859	519
860	467
861	470
862	385
863	458
864	449
865	411
866	439
867	374
868	473
869	394
870	428
871	420
872	403
873	407
874	383
875	353
876	381
877	377
878	374
879	360
880	361
881	368
882	388
883	345
884	354
885	376
886	335
887	334
888	322
889	400
890	343
891	358
892	338
893	328
894	306
895	312
896	330
897	319
898	324
899	330
900	299
901	340
902	310
903	287
904	276
905	306
906	291
907	259
908	292
909	299
910	273
911	285
912	267
913	268
914	273
915	312
916	266
917	278
918	247
919	267
920	239
921	270
922	271
923	235
924	267
925	299
926	233
927	262
928	251
929	222
930	218
931	227
932	226
933	237
934	231
935	209
936	215
937	237
938	221
939	224
940	222
941	218
942	218
943	223
944	203
945	212
946	218
947	217
948	209
949	190
950	198
951	191
952	170
953	178
954	157
955	148
956	172
957	201
958	181
959	154
960	188
961	171
962	164
963	169
964	143
965	158
966	162
967	165
968	149
969	158
970	121
971	143
972	160
973	113
974	158
975	130
976	145
977	124
978	133
979	135
980	113
981	119
982	130
983	135
984	116
985	123
986	112
987	106
988	102
989	119
990	115
991	128
992	99
993	107
994	102
995	101
996	128
997	93
998	103
999	97

