## net.sf.picard.metrics.StringHeader
# net.sf.picard.analysis.CollectInsertSizeMetrics HISTOGRAM_FILE=/data/skn/Islets_Stitzel/Diabetic_versus_Non-Diabetic/RelevantFiles_AllIsletsAnalysis/BamFiles/Shifted/Islet20_New_mergedReps_sorted_InsertSizeMetrics.pdf METRIC_ACCUMULATION_LEVEL=[ALL_READS] INPUT=/data/skn/Islets_Stitzel/Diabetic_versus_Non-Diabetic/RelevantFiles_AllIsletsAnalysis/BamFiles/Shifted/Islet20_New_mergedReps_sorted.bam OUTPUT=/data/skn/Islets_Stitzel/Diabetic_versus_Non-Diabetic/RelevantFiles_AllIsletsAnalysis/BamFiles/Shifted/Islet20_New_mergedReps_sorted_InsertSizeMetrics.txt VALIDATION_STRINGENCY=SILENT    DEVIATIONS=10.0 MINIMUM_PCT=0.05 ASSUME_SORTED=true STOP_AFTER=0 VERBOSITY=INFO QUIET=false COMPRESSION_LEVEL=5 MAX_RECORDS_IN_RAM=500000 CREATE_INDEX=false CREATE_MD5_FILE=false
## net.sf.picard.metrics.StringHeader
# Started on: Fri Dec 30 12:11:49 EST 2016

## METRICS CLASS	net.sf.picard.analysis.InsertSizeMetrics
MEDIAN_INSERT_SIZE	MEDIAN_ABSOLUTE_DEVIATION	MIN_INSERT_SIZE	MAX_INSERT_SIZE	MEAN_INSERT_SIZE	STANDARD_DEVIATION	READ_PAIRS	PAIR_ORIENTATION	WIDTH_OF_10_PERCENT	WIDTH_OF_20_PERCENT	WIDTH_OF_30_PERCENT	WIDTH_OF_40_PERCENT	WIDTH_OF_50_PERCENT	WIDTH_OF_60_PERCENT	WIDTH_OF_70_PERCENT	WIDTH_OF_80_PERCENT	WIDTH_OF_90_PERCENT	WIDTH_OF_99_PERCENT	SAMPLE	LIBRARY	READ_GROUP
118	69	1	237500245	123.998247	83.969609	33405964	FR	47	79	101	123	139	153	167	177	211	509			

## HISTOGRAM	java.lang.Integer
insert_size	All_Reads.fr_count
1	391
2	487
3	489
4	457
5	640
6	513
7	512
8	587
9	8446
10	13189
11	6863
12	5488
13	4507
14	4365
15	5640
16	8169
17	30318
18	28782
19	32218
20	41042
21	43121
22	40780
23	50602
24	74330
25	116479
26	193005
27	241277
28	244689
29	315373
30	531716
31	640159
32	621670
33	563281
34	507694
35	478834
36	424315
37	339715
38	271467
39	250364
40	300093
41	397939
42	446419
43	433013
44	373986
45	332434
46	294674
47	251336
48	212340
49	190047
50	195618
51	219720
52	246378
53	257039
54	244302
55	229909
56	208752
57	185786
58	163880
59	147749
60	146874
61	153708
62	166834
63	174351
64	171843
65	163759
66	151104
67	137929
68	123580
69	112324
70	108164
71	108887
72	117136
73	123310
74	123674
75	117784
76	111007
77	102795
78	94654
79	86607
80	82617
81	81462
82	83624
83	86366
84	88150
85	86989
86	84525
87	80151
88	74649
89	70089
90	66796
91	65543
92	66274
93	66762
94	68687
95	68271
96	69693
97	70653
98	70238
99	65546
100	60556
101	58469
102	56837
103	57099
104	58471
105	60899
106	62173
107	61720
108	63109
109	61346
110	56667
111	53499
112	51663
113	51778
114	57462
115	71258
116	75126
117	68302
118	70706
119	71391
120	63478
121	58764
122	56241
123	53418
124	53324
125	59805
126	73267
127	97187
128	144368
129	164537
130	124650
131	90401
132	80183
133	67643
134	57276
135	56328
136	62837
137	75945
138	100085
139	126495
140	141012
141	156763
142	164911
143	135243
144	97687
145	85733
146	87481
147	93452
148	108518
149	129817
150	139598
151	132811
152	120590
153	109784
154	110676
155	125583
156	155252
157	194812
158	226933
159	224733
160	194407
161	164568
162	144648
163	132442
164	133744
165	155648
166	193029
167	226591
168	237957
169	222797
170	192056
171	165139
172	147389
173	138724
174	139238
175	150566
176	167477
177	182504
178	187877
179	185106
180	171550
181	156203
182	143741
183	138458
184	141698
185	149819
186	159672
187	167038
188	166834
189	163546
190	157192
191	149778
192	143988
193	139577
194	139117
195	140511
196	143463
197	144638
198	144944
199	141203
200	136146
201	133652
202	131584
203	127697
204	125519
205	121970
206	119501
207	117229
208	114332
209	111273
210	108717
211	105005
212	104068
213	100863
214	98024
215	95353
216	92326
217	88713
218	85329
219	82703
220	80295
221	78101
222	75289
223	73702
224	71802
225	69886
226	66535
227	64391
228	60632
229	58864
230	56270
231	54288
232	52464
233	50414
234	49026
235	47340
236	45666
237	43941
238	42052
239	39677
240	38395
241	36474
242	34792
243	33860
244	32906
245	32083
246	31093
247	29900
248	28187
249	27655
250	26028
251	24789
252	24047
253	23078
254	22544
255	21731
256	21140
257	20707
258	20103
259	19775
260	19223
261	18509
262	17628
263	16955
264	16399
265	15883
266	15538
267	15582
268	15350
269	15476
270	15350
271	14877
272	14349
273	13874
274	13259
275	13226
276	12851
277	13059
278	13249
279	13412
280	13822
281	13502
282	13591
283	12671
284	12365
285	11885
286	11807
287	12287
288	12655
289	13354
290	14045
291	14314
292	14020
293	13548
294	12819
295	12153
296	12234
297	12355
298	12683
299	13381
300	14301
301	14647
302	14836
303	14342
304	13740
305	13194
306	12815
307	12975
308	13298
309	13864
310	14524
311	14519
312	14806
313	14574
314	14102
315	13827
316	13241
317	13461
318	13149
319	13759
320	13927
321	14409
322	14452
323	14094
324	14208
325	13860
326	13546
327	13454
328	13429
329	13371
330	13519
331	13733
332	13786
333	13907
334	13794
335	13537
336	13241
337	13015
338	12959
339	12938
340	13110
341	12989
342	13043
343	12984
344	12878
345	12757
346	12321
347	12336
348	11977
349	12139
350	11978
351	12081
352	11827
353	11825
354	11620
355	11368
356	11065
357	10830
358	10808
359	10784
360	10669
361	10446
362	10437
363	10175
364	10047
365	9670
366	9624
367	9332
368	9295
369	9222
370	8893
371	8762
372	8800
373	8627
374	8590
375	8265
376	7869
377	7706
378	7510
379	7403
380	7256
381	7329
382	6993
383	6945
384	6635
385	6442
386	6235
387	6018
388	5821
389	5538
390	5517
391	5571
392	5417
393	5308
394	5009
395	4823
396	4863
397	4569
398	4279
399	4242
400	4029
401	3906
402	3803
403	3726
404	3599
405	3558
406	3351
407	3207
408	3114
409	3128
410	2905
411	2844
412	2607
413	2664
414	2619
415	2518
416	2379
417	2311
418	2223
419	2215
420	2079
421	2067
422	1919
423	1853
424	1803
425	1805
426	1680
427	1684
428	1591
429	1483
430	1403
431	1369
432	1393
433	1313
434	1299
435	1230
436	1171
437	1147
438	1176
439	1075
440	1038
441	1073
442	962
443	946
444	968
445	859
446	852
447	836
448	831
449	799
450	783
451	762
452	697
453	733
454	722
455	656
456	704
457	674
458	633
459	631
460	602
461	617
462	591
463	578
464	608
465	578
466	604
467	518
468	594
469	550
470	556
471	525
472	536
473	528
474	517
475	486
476	472
477	474
478	485
479	481
480	464
481	436
482	445
483	464
484	427
485	440
486	489
487	429
488	431
489	432
490	436
491	418
492	403
493	383
494	405
495	414
496	415
497	393
498	404
499	404
500	389
501	424
502	368
503	383
504	399
505	357
506	361
507	341
508	364
509	352
510	355
511	329
512	320
513	374
514	348
515	310
516	330
517	301
518	298
519	337
520	284
521	292
522	282
523	305
524	287
525	270
526	259
527	264
528	211
529	251
530	236
531	240
532	244
533	243
534	241
535	226
536	211
537	219
538	174
539	193
540	194
541	196
542	179
543	209
544	203
545	194
546	182
547	151
548	157
549	163
550	160
551	158
552	148
553	154
554	135
555	137
556	118
557	153
558	142
559	128
560	127
561	133
562	127
563	108
564	113
565	130
566	107
567	115
568	109
569	123
570	117
571	121
572	104
573	87
574	97
575	95
576	90
577	74
578	89
579	96
580	95
581	86
582	97
583	80
584	86
585	84
586	81
587	70
588	72
589	62
590	51
591	73
592	69
593	66
594	71
595	62
596	53
597	60
598	48
599	60
600	61
601	58
602	49
603	61
604	46
605	59
606	54
607	54
608	57
609	46
610	59
611	46
612	49
613	47
614	54
615	51
616	41
617	59
618	51
619	42
620	40
621	30
622	37
623	53
624	41
625	39
626	35
627	34
628	43
629	40
630	37
631	31
632	38
633	34
634	39
635	37
636	40
637	28
638	22
639	43
640	43
641	34
642	29
643	33
644	23
645	30
646	26
647	29
648	27
649	32
650	25
651	33
652	23
653	24
654	29
655	25
656	29
657	17
658	33
659	28
660	28
661	16
662	30
663	21
664	32
665	18
666	30
667	20
668	22
669	27
670	35
671	21
672	20
673	18
674	20
675	32
676	23
677	19
678	20
679	19
680	24
681	26
682	19
683	28
684	22
685	25
686	20
687	15
688	31
689	20
690	19
691	18
692	30
693	17
694	19
695	19
696	13
697	23
698	20
699	11
700	17
701	15
702	15
703	13
704	11
705	20
706	16
707	22
708	14
709	17
710	20
711	15
712	17
713	15
714	18
715	18
716	14
717	17
718	15
719	11
720	23
721	13
722	10
723	13
724	21
725	25
726	15
727	16
728	15
729	12
730	13
731	22
732	6
733	18
734	14
735	13
736	17
737	11
738	18
739	16
740	7
741	14
742	12
743	15
744	11
745	14
746	15
747	8
748	11
749	15
750	14
751	13
752	14
753	9
754	15
755	19
756	12
757	8
758	15
759	15
760	17
761	12
762	19
763	16
764	14
765	11
766	12
767	19
768	13
769	13
770	17
771	14
772	12
773	12
774	10
775	13
776	19
777	17
778	14
779	9
780	9
781	9
782	13
783	7
784	6
785	11
786	10
787	14
788	5
789	11
790	7
791	10
792	19
793	8
794	12
795	11
796	5
797	6
798	7
799	4
800	10
801	8
802	11
803	12
804	10
805	21
806	9
807	12
808	8

