## net.sf.picard.metrics.StringHeader
# net.sf.picard.analysis.CollectInsertSizeMetrics HISTOGRAM_FILE=/data/skn/Islets_Stitzel/Diabetic_versus_Non-Diabetic/RelevantFiles_AllIsletsAnalysis/BamFiles/Shifted/Islet13_mergedReps_sorted_InsertSizeMetrics.pdf METRIC_ACCUMULATION_LEVEL=[ALL_READS] INPUT=/data/skn/Islets_Stitzel/Diabetic_versus_Non-Diabetic/RelevantFiles_AllIsletsAnalysis/BamFiles/Shifted/Islet13_mergedReps_sorted.bam OUTPUT=/data/skn/Islets_Stitzel/Diabetic_versus_Non-Diabetic/RelevantFiles_AllIsletsAnalysis/BamFiles/Shifted/Islet13_mergedReps_sorted_InsertSizeMetrics.txt VALIDATION_STRINGENCY=SILENT    DEVIATIONS=10.0 MINIMUM_PCT=0.05 ASSUME_SORTED=true STOP_AFTER=0 VERBOSITY=INFO QUIET=false COMPRESSION_LEVEL=5 MAX_RECORDS_IN_RAM=500000 CREATE_INDEX=false CREATE_MD5_FILE=false
## net.sf.picard.metrics.StringHeader
# Started on: Fri Dec 30 11:47:20 EST 2016

## METRICS CLASS	net.sf.picard.analysis.InsertSizeMetrics
MEDIAN_INSERT_SIZE	MEDIAN_ABSOLUTE_DEVIATION	MIN_INSERT_SIZE	MAX_INSERT_SIZE	MEAN_INSERT_SIZE	STANDARD_DEVIATION	READ_PAIRS	PAIR_ORIENTATION	WIDTH_OF_10_PERCENT	WIDTH_OF_20_PERCENT	WIDTH_OF_30_PERCENT	WIDTH_OF_40_PERCENT	WIDTH_OF_50_PERCENT	WIDTH_OF_60_PERCENT	WIDTH_OF_70_PERCENT	WIDTH_OF_80_PERCENT	WIDTH_OF_90_PERCENT	WIDTH_OF_99_PERCENT	SAMPLE	LIBRARY	READ_GROUP
127	80	1	224019678	153.867863	122.487797	42056935	FR	55	89	119	141	161	177	189	217	433	817			

## HISTOGRAM	java.lang.Integer
insert_size	All_Reads.fr_count
1	378
2	507
3	388
4	408
5	564
6	416
7	472
8	484
9	11330
10	22455
11	9944
12	8642
13	6019
14	4769
15	4033
16	4187
17	4137
18	4443
19	3879
20	4317
21	4452
22	5416
23	6632
24	7754
25	9425
26	11239
27	317529
28	381506
29	427078
30	543326
31	614043
32	644418
33	612166
34	551029
35	545331
36	527516
37	474680
38	421194
39	391057
40	408027
41	452197
42	491087
43	479385
44	413325
45	383416
46	360606
47	335573
48	306271
49	283997
50	279457
51	285278
52	297114
53	298480
54	283780
55	277378
56	263190
57	251057
58	231514
59	214573
60	210495
61	209448
62	218667
63	222066
64	216614
65	210097
66	200331
67	191076
68	180062
69	167373
70	162297
71	161928
72	168672
73	172252
74	168954
75	164173
76	156416
77	148333
78	140245
79	131597
80	127363
81	125310
82	126828
83	128248
84	129021
85	126777
86	122548
87	117411
88	111482
89	105693
90	101065
91	100441
92	99063
93	100385
94	101114
95	100906
96	99620
97	96931
98	93485
99	88456
100	84065
101	82353
102	81319
103	82194
104	82821
105	83519
106	83714
107	81633
108	79525
109	76389
110	73077
111	71007
112	69501
113	69236
114	71344
115	74982
116	75668
117	72745
118	72142
119	71306
120	66873
121	64159
122	63140
123	61411
124	61529
125	64009
126	67949
127	75827
128	92740
129	102897
130	85862
131	71310
132	68230
133	62103
134	57138
135	56638
136	59843
137	64198
138	74586
139	87417
140	96885
141	110132
142	119935
143	105128
144	79932
145	68926
146	69180
147	71811
148	80615
149	93228
150	100254
151	98637
152	92394
153	86914
154	85463
155	93034
156	108503
157	133917
158	157376
159	160858
160	144697
161	127855
162	117400
163	110829
164	111407
165	124813
166	149016
167	169005
168	177291
169	169393
170	152339
171	138624
172	129902
173	125449
174	125932
175	132700
176	144873
177	154886
178	161544
179	160720
180	155142
181	145948
182	139046
183	137336
184	140670
185	147248
186	155722
187	161460
188	162678
189	159204
190	154710
191	150892
192	148705
193	147990
194	149416
195	151543
196	155042
197	155524
198	153089
199	149671
200	144734
201	142424
202	142705
203	143182
204	143473
205	142188
206	140725
207	138299
208	133836
209	129568
210	126533
211	123499
212	121407
213	120646
214	119981
215	118909
216	116343
217	113427
218	110163
219	105612
220	103218
221	100274
222	98061
223	96219
224	95021
225	94343
226	91708
227	89816
228	86417
229	82701
230	80076
231	77729
232	75565
233	73854
234	72110
235	71428
236	69721
237	67943
238	66167
239	63337
240	61466
241	59054
242	57461
243	56387
244	55555
245	54195
246	53080
247	51781
248	50595
249	49678
250	47662
251	46013
252	44845
253	43390
254	42740
255	41460
256	41301
257	40561
258	39618
259	39124
260	38164
261	37193
262	35886
263	34635
264	34651
265	33856
266	33261
267	33241
268	32984
269	32942
270	32355
271	31849
272	31546
273	30454
274	29998
275	29209
276	29062
277	29197
278	29338
279	29610
280	30054
281	30161
282	29631
283	29076
284	28216
285	27786
286	27591
287	27655
288	28563
289	29438
290	30800
291	31379
292	30767
293	30563
294	29523
295	28969
296	28424
297	28222
298	29216
299	30431
300	32329
301	33451
302	33662
303	33722
304	33326
305	32165
306	31338
307	31405
308	31904
309	32964
310	33952
311	35453
312	35779
313	35705
314	35841
315	35062
316	34766
317	34531
318	34782
319	35721
320	36643
321	37343
322	38193
323	38392
324	38545
325	38120
326	37964
327	38256
328	38824
329	38460
330	39258
331	39776
332	40179
333	40993
334	41173
335	41185
336	41107
337	40907
338	40830
339	41560
340	42137
341	42146
342	42852
343	42765
344	42966
345	43045
346	42617
347	43037
348	43607
349	43654
350	43546
351	43337
352	43403
353	43117
354	43150
355	43282
356	43178
357	43652
358	43916
359	43154
360	43377
361	43725
362	43378
363	43100
364	42515
365	42263
366	41889
367	41379
368	41961
369	41763
370	41887
371	41994
372	41729
373	41303
374	40966
375	40316
376	39992
377	39511
378	38758
379	38393
380	38650
381	38417
382	38132
383	38130
384	37254
385	36914
386	36270
387	35857
388	34958
389	34622
390	34316
391	34135
392	33277
393	33160
394	32725
395	32455
396	31582
397	31151
398	30171
399	29592
400	29207
401	28671
402	28220
403	27993
404	27554
405	26843
406	26340
407	25642
408	24978
409	24469
410	23561
411	23204
412	23147
413	22679
414	22296
415	21489
416	21314
417	20856
418	20282
419	19875
420	19199
421	18636
422	18480
423	18096
424	17765
425	17089
426	16941
427	16514
428	15982
429	15575
430	15228
431	14946
432	14756
433	14244
434	13966
435	13800
436	13149
437	13200
438	12799
439	12496
440	12571
441	11959
442	11644
443	11506
444	11355
445	11131
446	10965
447	10848
448	10397
449	10215
450	9988
451	9947
452	9938
453	9785
454	9807
455	9285
456	9252
457	9181
458	8912
459	9069
460	8704
461	8609
462	8456
463	8494
464	8509
465	8385
466	8225
467	8183
468	8089
469	8136
470	8009
471	7951
472	7784
473	7714
474	7565
475	7613
476	7676
477	7549
478	7458
479	7447
480	7481
481	7274
482	7377
483	7179
484	7396
485	7186
486	7288
487	7296
488	7224
489	7222
490	7229
491	7135
492	6965
493	7078
494	7108
495	7057
496	7164
497	7037
498	6957
499	7015
500	6821
501	7012
502	6795
503	6988
504	6980
505	6864
506	6820
507	6801
508	6825
509	6898
510	6663
511	6657
512	6792
513	6664
514	6728
515	6551
516	6667
517	6447
518	6514
519	6411
520	6440
521	6276
522	6242
523	6234
524	6285
525	6314
526	6057
527	6018
528	6166
529	6093
530	5887
531	5935
532	6012
533	5939
534	5905
535	5805
536	5699
537	5745
538	5662
539	5575
540	5560
541	5589
542	5421
543	5327
544	5336
545	5424
546	5210
547	5165
548	5225
549	5114
550	5080
551	4821
552	4868
553	4821
554	4729
555	4746
556	4760
557	4574
558	4669
559	4585
560	4468
561	4387
562	4348
563	4230
564	4262
565	4131
566	4000
567	4016
568	3926
569	4009
570	3665
571	3718
572	3658
573	3631
574	3692
575	3613
576	3495
577	3407
578	3384
579	3342
580	3187
581	3208
582	3214
583	3103
584	3035
585	3002
586	2888
587	2906
588	2864
589	2774
590	2740
591	2704
592	2599
593	2597
594	2494
595	2541
596	2468
597	2490
598	2326
599	2374
600	2187
601	2217
602	2122
603	2230
604	2123
605	2042
606	1985
607	1962
608	1844
609	1893
610	1829
611	1828
612	1848
613	1732
614	1739
615	1660
616	1564
617	1561
618	1520
619	1556
620	1527
621	1412
622	1350
623	1479
624	1416
625	1331
626	1308
627	1281
628	1278
629	1244
630	1171
631	1182
632	1169
633	1133
634	1055
635	1081
636	1067
637	1069
638	1035
639	972
640	945
641	961
642	958
643	934
644	917
645	869
646	920
647	852
648	830
649	806
650	882
651	769
652	739
653	802
654	809
655	744
656	723
657	706
658	726
659	695
660	689
661	716
662	688
663	634
664	615
665	595
666	631
667	615
668	700
669	639
670	613
671	605
672	635
673	610
674	609
675	630
676	591
677	617
678	565
679	617
680	560
681	591
682	521
683	531
684	539
685	532
686	519
687	463
688	534
689	501
690	523
691	496
692	517
693	506
694	497
695	459
696	477
697	518
698	449
699	450
700	464
701	456
702	423
703	452
704	470
705	400
706	442
707	410
708	429
709	396
710	375
711	414
712	380
713	396
714	422
715	392
716	409
717	390
718	390
719	394
720	394
721	380
722	368
723	361
724	367
725	376
726	341
727	352
728	329
729	327
730	333
731	339
732	340
733	332
734	324
735	342
736	283
737	304
738	285
739	285
740	302
741	277
742	281
743	315
744	283
745	279
746	277
747	290
748	295
749	246
750	303
751	272
752	288
753	289
754	260
755	291
756	240
757	293
758	281
759	255
760	250
761	246
762	254
763	252
764	244
765	232
766	221
767	200
768	259
769	216
770	223
771	209
772	234
773	190
774	213
775	225
776	223
777	196
778	214
779	190
780	195
781	222
782	195
783	197
784	211
785	216
786	185
787	197
788	175
789	165
790	211
791	177
792	185
793	203
794	181
795	170
796	165
797	179
798	161
799	167
800	162
801	148
802	182
803	144
804	192
805	161
806	161
807	126
808	150
809	149
810	156
811	158
812	158
813	172
814	150
815	160
816	117
817	136
818	141
819	136
820	132
821	132
822	138
823	131
824	119
825	101
826	135
827	124
828	145
829	133
830	123
831	112
832	123
833	121
834	120
835	122
836	105
837	126
838	114
839	126
840	112
841	112
842	138
843	113
844	94
845	117
846	119
847	93
848	111
849	94
850	106
851	116
852	89
853	110
854	98
855	106
856	97
857	91
858	109
859	103
860	98
861	110
862	90
863	106
864	101
865	93
866	96
867	84
868	85
869	88
870	93
871	96
872	82
873	72
874	84
875	90
876	79
877	87
878	100
879	103
880	94
881	75
882	72
883	66
884	81
885	82
886	92
887	74
888	99
889	85
890	65
891	79
892	62
893	79
894	89
895	65
896	75
897	98
898	76
899	104
900	76
901	69
902	76
903	70
904	82
905	75
906	75
907	64
908	68
909	68
910	69
911	58
912	85
913	62
914	62
915	61
916	64
917	83
918	72
919	65
920	56
921	77
922	59
923	59
924	71
925	62
926	66
927	61

