## net.sf.picard.metrics.StringHeader
# net.sf.picard.analysis.CollectInsertSizeMetrics HISTOGRAM_FILE=/data/skn/Islets_Stitzel/Diabetic_versus_Non-Diabetic/RelevantFiles_AllIsletsAnalysis/BamFiles/Shifted/Islet19_mergedReps_sorted_InsertSizeMetrics.pdf METRIC_ACCUMULATION_LEVEL=[ALL_READS] INPUT=/data/skn/Islets_Stitzel/Diabetic_versus_Non-Diabetic/RelevantFiles_AllIsletsAnalysis/BamFiles/Shifted/Islet19_mergedReps_sorted.bam OUTPUT=/data/skn/Islets_Stitzel/Diabetic_versus_Non-Diabetic/RelevantFiles_AllIsletsAnalysis/BamFiles/Shifted/Islet19_mergedReps_sorted_InsertSizeMetrics.txt VALIDATION_STRINGENCY=SILENT    DEVIATIONS=10.0 MINIMUM_PCT=0.05 ASSUME_SORTED=true STOP_AFTER=0 VERBOSITY=INFO QUIET=false COMPRESSION_LEVEL=5 MAX_RECORDS_IN_RAM=500000 CREATE_INDEX=false CREATE_MD5_FILE=false
## net.sf.picard.metrics.StringHeader
# Started on: Fri Dec 30 12:08:09 EST 2016

## METRICS CLASS	net.sf.picard.analysis.InsertSizeMetrics
MEDIAN_INSERT_SIZE	MEDIAN_ABSOLUTE_DEVIATION	MIN_INSERT_SIZE	MAX_INSERT_SIZE	MEAN_INSERT_SIZE	STANDARD_DEVIATION	READ_PAIRS	PAIR_ORIENTATION	WIDTH_OF_10_PERCENT	WIDTH_OF_20_PERCENT	WIDTH_OF_30_PERCENT	WIDTH_OF_40_PERCENT	WIDTH_OF_50_PERCENT	WIDTH_OF_60_PERCENT	WIDTH_OF_70_PERCENT	WIDTH_OF_80_PERCENT	WIDTH_OF_90_PERCENT	WIDTH_OF_99_PERCENT	SAMPLE	LIBRARY	READ_GROUP
92	51	1	223476249	116.848451	80.504508	19267151	FR	27	49	71	89	103	119	137	189	263	555			

## HISTOGRAM	java.lang.Integer
insert_size	All_Reads.fr_count
1	172
2	232
3	189
4	192
5	244
6	218
7	260
8	272
9	6025
10	10976
11	5104
12	3766
13	2827
14	2507
15	2964
16	4330
17	18958
18	17497
19	16684
20	18057
21	17729
22	19092
23	22014
24	29412
25	44553
26	74862
27	107079
28	118338
29	132793
30	178668
31	223451
32	274510
33	283243
34	232310
35	220107
36	208121
37	182706
38	158884
39	148748
40	162456
41	196419
42	249362
43	269941
44	224894
45	198842
46	184615
47	167710
48	149078
49	136136
50	137041
51	147853
52	164667
53	177567
54	173688
55	168355
56	159811
57	148438
58	133761
59	119799
60	116803
61	120577
62	132240
63	141990
64	142559
65	138862
66	132142
67	123369
68	112561
69	102775
70	97982
71	99558
72	108304
73	117456
74	119979
75	115808
76	110396
77	102716
78	94793
79	86873
80	82776
81	82197
82	85475
83	90491
84	94338
85	93957
86	91815
87	87195
88	81603
89	75181
90	71583
91	69933
92	70437
93	72670
94	75889
95	76729
96	77448
97	76265
98	73342
99	68513
100	63899
101	61623
102	61221
103	62920
104	64215
105	66399
106	66895
107	66007
108	64473
109	61788
110	58059
111	55735
112	53888
113	54548
114	56512
115	60111
116	61763
117	60297
118	59421
119	58150
120	54882
121	52287
122	50481
123	49878
124	50088
125	52072
126	54710
127	58143
128	65605
129	69192
130	61676
131	54626
132	52280
133	48729
134	46292
135	46329
136	47636
137	50290
138	54994
139	60163
140	60048
141	58703
142	59263
143	54880
144	48436
145	46280
146	46714
147	48503
148	52818
149	57857
150	59733
151	55928
152	51689
153	48654
154	48333
155	52208
156	61054
157	76898
158	91240
159	92048
160	79445
161	68155
162	62004
163	56861
164	55557
165	60522
166	72453
167	83450
168	87888
169	83390
170	74570
171	68208
172	64658
173	60758
174	58549
175	59680
176	63814
177	67827
178	69955
179	68538
180	64653
181	60259
182	57555
183	55946
184	57269
185	60442
186	63431
187	65207
188	64901
189	62585
190	59726
191	57716
192	56547
193	56133
194	56138
195	57424
196	58146
197	58601
198	57961
199	56478
200	55340
201	54089
202	54365
203	54614
204	54815
205	54617
206	53515
207	52127
208	50821
209	49121
210	48274
211	47176
212	46801
213	46416
214	46630
215	46347
216	45484
217	43983
218	42799
219	41211
220	40792
221	39045
222	38824
223	38492
224	37924
225	37415
226	36682
227	35826
228	34411
229	33094
230	31936
231	31246
232	30233
233	29404
234	29393
235	28959
236	28199
237	27578
238	26601
239	25764
240	24615
241	23998
242	23229
243	22557
244	22201
245	22008
246	21237
247	20940
248	20467
249	20102
250	19089
251	18724
252	18144
253	17567
254	17213
255	16826
256	16320
257	16301
258	15914
259	15479
260	15255
261	14577
262	14216
263	13965
264	13651
265	13165
266	12871
267	12762
268	12563
269	12441
270	12349
271	11963
272	11732
273	11514
274	10940
275	10851
276	10554
277	10475
278	10245
279	10348
280	10382
281	10039
282	10003
283	9509
284	9356
285	9168
286	8814
287	8981
288	8664
289	8937
290	8903
291	8943
292	8731
293	8463
294	8203
295	7924
296	7746
297	7866
298	7606
299	7751
300	7871
301	7812
302	7892
303	7626
304	7697
305	7370
306	7193
307	7059
308	6998
309	7094
310	7213
311	7252
312	7045
313	7003
314	6899
315	6741
316	6684
317	6497
318	6466
319	6498
320	6510
321	6591
322	6635
323	6448
324	6408
325	6236
326	6143
327	6168
328	6225
329	5949
330	6175
331	5971
332	5988
333	6236
334	5889
335	5822
336	5802
337	5760
338	5771
339	5718
340	5624
341	5690
342	5523
343	5595
344	5438
345	5425
346	5318
347	5304
348	5343
349	5342
350	5348
351	5218
352	4988
353	5020
354	4969
355	4940
356	4905
357	4955
358	4740
359	4610
360	4641
361	4625
362	4595
363	4570
364	4440
365	4337
366	4357
367	4167
368	4135
369	4183
370	4153
371	3984
372	3880
373	3999
374	3865
375	3721
376	3720
377	3639
378	3570
379	3492
380	3487
381	3407
382	3427
383	3368
384	3217
385	3143
386	3066
387	3015
388	2942
389	2716
390	2785
391	2743
392	2716
393	2678
394	2644
395	2624
396	2558
397	2417
398	2262
399	2204
400	2136
401	2123
402	2165
403	2074
404	2046
405	2035
406	1920
407	1867
408	1822
409	1732
410	1703
411	1681
412	1602
413	1498
414	1537
415	1530
416	1431
417	1374
418	1340
419	1296
420	1292
421	1205
422	1226
423	1086
424	1150
425	1067
426	1081
427	1053
428	1028
429	937
430	944
431	894
432	875
433	848
434	803
435	786
436	793
437	835
438	711
439	702
440	683
441	685
442	611
443	606
444	612
445	640
446	588
447	514
448	546
449	552
450	539
451	503
452	482
453	469
454	420
455	474
456	466
457	410
458	434
459	428
460	431
461	407
462	347
463	398
464	379
465	345
466	356
467	361
468	331
469	335
470	323
471	330
472	310
473	304
474	339
475	285
476	279
477	286
478	280
479	289
480	261
481	269
482	279
483	264
484	267
485	212
486	279
487	236
488	255
489	214
490	208
491	220
492	205
493	236
494	232
495	231
496	200
497	241
498	201
499	207
500	205
501	187
502	204
503	206
504	192
505	189
506	196
507	154
508	205
509	185
510	181
511	176
512	208
513	173
514	211
515	172
516	166
517	155
518	169
519	156
520	157
521	175
522	161
523	125
524	164
525	141
526	155
527	133
528	138
529	138
530	139
531	119
532	123
533	133
534	139
535	134
536	126
537	127
538	134
539	116
540	134
541	117
542	98
543	116
544	120
545	106
546	104
547	120
548	101
549	113
550	95
551	97
552	99
553	99
554	94
555	120
556	107
557	89
558	82
559	99
560	96
561	89
562	79
563	100
564	88
565	66
566	71
567	81
568	82
569	69
570	77
571	77
572	71
573	80
574	80
575	67
576	71
577	65
578	57
579	72
580	66
581	56
582	60
583	55
584	64
585	63
586	52
587	59
588	55
589	75
590	49
591	58
592	51
593	67
594	50
595	64
596	37
597	43
598	47
599	47
600	44
601	42
602	56

